{
 "cells": [
  {
   "cell_type": "code",
   "execution_count": 9,
   "metadata": {
    "collapsed": false
   },
   "outputs": [],
   "source": [
    "M = Float64[log(sqrt(i^2+j^2)) for i=1:1000,j=1:1000];"
   ]
  },
  {
   "cell_type": "code",
   "execution_count": 10,
   "metadata": {
    "collapsed": false
   },
   "outputs": [
    {
     "name": "stdout",
     "output_type": "stream",
     "text": [
      "elapsed time: 1"
     ]
    },
    {
     "data": {
      "text/plain": [
       "1.518473017"
      ]
     },
     "execution_count": 10,
     "metadata": {},
     "output_type": "execute_result"
    },
    {
     "name": "stdout",
     "output_type": "stream",
     "text": [
      ".518473017 seconds\n"
     ]
    }
   ],
   "source": [
    "tic()\n",
    "U,S,V = svd(M)\n",
    "toc()"
   ]
  },
  {
   "cell_type": "code",
   "execution_count": 3,
   "metadata": {
    "collapsed": false
   },
   "outputs": [
    {
     "data": {
      "text/plain": [
       "5x5 Array{Float64,2}:\n",
       " 0.346574  0.804719  1.15129  1.41661  1.62905\n",
       " 0.804719  1.03972   1.28247  1.49787  1.68365\n",
       " 1.15129   1.28247   1.44519  1.60944  1.76318\n",
       " 1.41661   1.49787   1.60944  1.73287  1.85679\n",
       " 1.62905   1.68365   1.76318  1.85679  1.95601"
      ]
     },
     "execution_count": 3,
     "metadata": {},
     "output_type": "execute_result"
    }
   ],
   "source": [
    "U*diagm(S)*V'"
   ]
  },
  {
   "cell_type": "code",
   "execution_count": 4,
   "metadata": {
    "collapsed": false
   },
   "outputs": [
    {
     "data": {
      "text/plain": [
       "3-element Array{Float64,1}:\n",
       " 7.38064  \n",
       " 0.805432 \n",
       " 0.0517735"
      ]
     },
     "execution_count": 4,
     "metadata": {},
     "output_type": "execute_result"
    }
   ],
   "source": [
    "k=3\n",
    "U = U[:,1:k]\n",
    "V = V[:,1:k]\n",
    "S = S[1:k]"
   ]
  },
  {
   "cell_type": "code",
   "execution_count": 5,
   "metadata": {
    "collapsed": false
   },
   "outputs": [
    {
     "data": {
      "text/plain": [
       "5x5 Array{Float64,2}:\n",
       " 0.34665   0.804427  1.15152  1.41681  1.62884\n",
       " 0.804427  1.04084   1.28159  1.4971   1.68444\n",
       " 1.15152   1.28159   1.44589  1.61001  1.76257\n",
       " 1.41681   1.4971    1.61001  1.73345  1.85621\n",
       " 1.62884   1.68444   1.76257  1.85621  1.95659"
      ]
     },
     "execution_count": 5,
     "metadata": {},
     "output_type": "execute_result"
    }
   ],
   "source": [
    "U*diagm(S)*V'"
   ]
  },
  {
   "cell_type": "code",
   "execution_count": 6,
   "metadata": {
    "collapsed": false
   },
   "outputs": [
    {
     "data": {
      "text/plain": [
       "my_SVD (generic function with 1 method)"
      ]
     },
     "execution_count": 6,
     "metadata": {},
     "output_type": "execute_result"
    }
   ],
   "source": [
    "function my_SVD(M::Array{Float64,2},k::Int)\n",
    "    m = size(M,1)\n",
    "    X = randn(k,m)\n",
    "    Y=X*M\n",
    "    q,r = qr(Y')\n",
    "    Z = M*q\n",
    "    U,S,V = svd(Z)\n",
    "    return U,S,V'*q'\n",
    "end\n"
   ]
  },
  {
   "cell_type": "code",
   "execution_count": 14,
   "metadata": {
    "collapsed": false
   },
   "outputs": [
    {
     "name": "stdout",
     "output_type": "stream",
     "text": [
      "elapsed time: 0."
     ]
    },
    {
     "data": {
      "text/plain": [
       "10-element Array{Float64,1}:\n",
       " 6556.48     \n",
       "  231.701    \n",
       "   44.4527   \n",
       "   13.2783   \n",
       "    4.82515  \n",
       "    1.94818  \n",
       "    0.827713 \n",
       "    0.377232 \n",
       "    0.142052 \n",
       "    0.0545914"
      ]
     },
     "execution_count": 14,
     "metadata": {},
     "output_type": "execute_result"
    },
    {
     "name": "stdout",
     "output_type": "stream",
     "text": [
      "027487732 seconds\n"
     ]
    }
   ],
   "source": [
    "tic()\n",
    "U1,S1,V1 = my_SVD(M,10)\n",
    "toc()\n",
    "S1"
   ]
  },
  {
   "cell_type": "code",
   "execution_count": 12,
   "metadata": {
    "collapsed": false
   },
   "outputs": [
    {
     "data": {
      "text/plain": [
       "1000-element Array{Float64,1}:\n",
       " 6556.48       \n",
       "  231.702      \n",
       "   44.4535     \n",
       "   13.279      \n",
       "    4.82779    \n",
       "    1.95767    \n",
       "    0.847226   \n",
       "    0.381236   \n",
       "    0.175402   \n",
       "    0.0816056  \n",
       "    0.038121   \n",
       "    0.0178019  \n",
       "    0.00828895 \n",
       "    ⋮          \n",
       "    6.49917e-13\n",
       "    6.49917e-13\n",
       "    6.49917e-13\n",
       "    6.49917e-13\n",
       "    6.49917e-13\n",
       "    6.49917e-13\n",
       "    6.49917e-13\n",
       "    6.49917e-13\n",
       "    4.00422e-13\n",
       "    3.79584e-13\n",
       "    2.56836e-13\n",
       "    1.07696e-13"
      ]
     },
     "execution_count": 12,
     "metadata": {},
     "output_type": "execute_result"
    }
   ],
   "source": [
    "S"
   ]
  },
  {
   "cell_type": "code",
   "execution_count": 21,
   "metadata": {
    "collapsed": false
   },
   "outputs": [],
   "source": [
    "T = Float64[M[i,j]*M[k,l] for i=1:5,j=1:5,k=1:5,l=1:5];"
   ]
  },
  {
   "cell_type": "code",
   "execution_count": 22,
   "metadata": {
    "collapsed": false
   },
   "outputs": [],
   "source": [
    "MT = reshape(T,(5^2,5^2));"
   ]
  },
  {
   "cell_type": "code",
   "execution_count": 23,
   "metadata": {
    "collapsed": false
   },
   "outputs": [
    {
     "data": {
      "text/plain": [
       "(\n",
       "25x5 Array{Float64,2}:\n",
       " -0.0466788   0.0555878  -0.0113012   0.0188997   0.0186714  \n",
       " -0.108385   -0.0475019   0.110838   -0.180749    0.11415    \n",
       " -0.155064    0.0578636  -0.0514717   0.128821    0.237349   \n",
       " -0.190798   -0.274222   -0.198298    0.148266    0.191037   \n",
       " -0.219411   -0.082637    0.104055    0.320787   -0.280721   \n",
       " -0.108385   -0.0475019   0.110838   -0.180749    0.11415    \n",
       " -0.140037   -0.0443963  -0.115882    0.111222   -0.261799   \n",
       " -0.172732    0.0743503  -0.346007   -0.243295   -0.000497853\n",
       " -0.201743   -0.0511329  -0.0593166  -0.120582   -0.403451   \n",
       " -0.226765    0.0742568  -0.227212   -0.116778    0.209962   \n",
       " -0.155064    0.0578636  -0.0514717   0.128821    0.237349   \n",
       " -0.172732    0.0743503  -0.346007   -0.243295   -0.000497853\n",
       " -0.194647    0.178213    0.347123   -0.0567602   0.274982   \n",
       " -0.21677     0.161352    0.351374   -0.137392    0.024769   \n",
       " -0.237477    0.452842   -0.0390519   0.267641   -0.0199194  \n",
       " -0.190798   -0.274222   -0.198298    0.148266    0.191037   \n",
       " -0.201743   -0.0511329  -0.0593166  -0.120582   -0.403451   \n",
       " -0.21677     0.161352    0.351374   -0.137392    0.024769   \n",
       " -0.233394   -0.471423    0.171518    0.328419    0.234085   \n",
       " -0.250084   -0.190066    0.187767   -0.289737   -0.0585546  \n",
       " -0.219411   -0.082637    0.104055    0.320787   -0.280721   \n",
       " -0.226765    0.0742568  -0.227212   -0.116778    0.209962   \n",
       " -0.237477    0.452842   -0.0390519   0.267641   -0.0199194  \n",
       " -0.250084   -0.190066    0.187767   -0.289737   -0.0585546  \n",
       " -0.263449   -0.0625557  -0.190116   -0.065083   -0.0937164  ,\n",
       "\n",
       "[55.12527474342627,1.7583532301947048e-15,1.2277588753781222e-15,6.500181671588116e-16,4.731030508335064e-16],\n",
       "5x25 Array{Float64,2}:\n",
       " -0.0466788  -0.108385   -0.155064   …  -0.237477   -0.250084   -0.263449  \n",
       "  0.124816   -0.226954   -0.439394       0.13937     0.0763753   0.128978  \n",
       "  0.107736    0.0705641   0.186737       0.179431   -0.332753   -0.0018868 \n",
       "  0.595481    0.189466    0.0983536     -0.0801254  -0.198349    0.0985315 \n",
       " -0.721058    0.060858    0.0204519      0.0544608  -0.182336    0.00530523)"
      ]
     },
     "execution_count": 23,
     "metadata": {},
     "output_type": "execute_result"
    }
   ],
   "source": [
    "UT,ST,VT = my_SVD(MT,5)"
   ]
  },
  {
   "cell_type": "code",
   "execution_count": 24,
   "metadata": {
    "collapsed": false
   },
   "outputs": [
    {
     "data": {
      "text/plain": [
       "5x5x5 Array{Float64,3}:\n",
       "[:, :, 1] =\n",
       " -0.0466788  -0.108385  -0.155064  -0.190798  -0.219411\n",
       " -0.108385   -0.140037  -0.172732  -0.201743  -0.226765\n",
       " -0.155064   -0.172732  -0.194647  -0.21677   -0.237477\n",
       " -0.190798   -0.201743  -0.21677   -0.233394  -0.250084\n",
       " -0.219411   -0.226765  -0.237477  -0.250084  -0.263449\n",
       "\n",
       "[:, :, 2] =\n",
       "  0.0555878  -0.0475019  0.0578636  -0.274222   -0.082637 \n",
       " -0.0475019  -0.0443963  0.0743503  -0.0511329   0.0742568\n",
       "  0.0578636   0.0743503  0.178213    0.161352    0.452842 \n",
       " -0.274222   -0.0511329  0.161352   -0.471423   -0.190066 \n",
       " -0.082637    0.0742568  0.452842   -0.190066   -0.0625557\n",
       "\n",
       "[:, :, 3] =\n",
       " -0.0113012   0.110838   -0.0514717  -0.198298    0.104055 \n",
       "  0.110838   -0.115882   -0.346007   -0.0593166  -0.227212 \n",
       " -0.0514717  -0.346007    0.347123    0.351374   -0.0390519\n",
       " -0.198298   -0.0593166   0.351374    0.171518    0.187767 \n",
       "  0.104055   -0.227212   -0.0390519   0.187767   -0.190116 \n",
       "\n",
       "[:, :, 4] =\n",
       "  0.0188997  -0.180749   0.128821    0.148266   0.320787\n",
       " -0.180749    0.111222  -0.243295   -0.120582  -0.116778\n",
       "  0.128821   -0.243295  -0.0567602  -0.137392   0.267641\n",
       "  0.148266   -0.120582  -0.137392    0.328419  -0.289737\n",
       "  0.320787   -0.116778   0.267641   -0.289737  -0.065083\n",
       "\n",
       "[:, :, 5] =\n",
       "  0.0186714   0.11415       0.237349      0.191037   -0.280721 \n",
       "  0.11415    -0.261799     -0.000497853  -0.403451    0.209962 \n",
       "  0.237349   -0.000497853   0.274982      0.024769   -0.0199194\n",
       "  0.191037   -0.403451      0.024769      0.234085   -0.0585546\n",
       " -0.280721    0.209962     -0.0199194    -0.0585546  -0.0937164"
      ]
     },
     "execution_count": 24,
     "metadata": {},
     "output_type": "execute_result"
    }
   ],
   "source": [
    "UTb = reshape(UT,(5,5,5))"
   ]
  },
  {
   "cell_type": "code",
   "execution_count": null,
   "metadata": {
    "collapsed": true
   },
   "outputs": [],
   "source": []
  }
 ],
 "metadata": {
  "kernelspec": {
   "display_name": "Julia 0.4.0-rc4",
   "language": "julia",
   "name": "julia-0.4"
  },
  "language_info": {
   "file_extension": ".jl",
   "mimetype": "application/julia",
   "name": "julia",
   "version": "0.4.0"
  }
 },
 "nbformat": 4,
 "nbformat_minor": 0
}
